75
44 0 19 23 2 0 49 19 41 26 20 6 9 46 26 28 24 30 6 23 8 32 3 25 8 29 41 42 36 44 41 40 26 35 37 18 14 49 42 29 39 32 21 30 0 18 32 24 20 29 12 44 46 21 5 30 42 43 25 6 47 40 41 37 5 49 31 43 27 14 17 26 6 17 21
0 14 46 43 5 8 9 31 38 10 16 38 20 37 6 0 12 26 36 12 33 22 21 0 28 37 27 4 1 25 22 6 48 38 0 6 19 24 26 42 12 34 36 4 8 35 19 29 38 19 29 22 5 16 30 21 32 37 22 3 8 39 44 41 45 3 2 2 38 10 12 12 36 23 18
19 46 42 32 37 15 0 0 43 14 42 38 37 24 47 21 13 15 35 35 35 33 48 31 41 49 3 36 30 7 45 30 43 11 10 2 26 8 18 27 20 42 49 15 3 21 39 17 4 34 36 22 16 14 41 17 1 30 27 40 3 33 22 38 41 5 42 15 45 4 16 28 43 35 16
23 43 32 11 12 15 19 5 18 8 28 11 48 16 34 24 18 48 38 45 48 38 29 46 10 40 16 19 37 37 17 22 21 39 49 26 43 15 22 32 11 28 44 21 13 28 30 43 16 3 38 44 8 19 47 23 44 18 13 27 36 3 37 12 23 17 27 28 23 9 11 0 49 35 35
2 5 37 12 44 11 36 27 7 7 26 21 17 35 21 9 14 17 36 2 35 9 37 6 38 49 0 44 42 20 44 11 14 11 44 46 16 32 6 43 12 37 12 38 26 33 31 33 34 8 28 37 17 37 9 35 47 15 33 12 14 26 2 6 24 18 16 34 12 45 15 5 32 34 12
0 8 15 15 11 4 17 43 28 45 23 2 9 39 20 8 14 10 30 20 25 5 22 18 28 42 13 17 0 34 22 35 13 48 4 25 35 44 10 41 27 36 48 10 3 25 47 48 47 26 49 34 28 26 7 33 34 45 14 39 36 47 27 47 13 45 23 37 9 26 28 38 11 20 8
49 9 0 19 36 17 20 30 1 5 48 12 44 29 42 18 20 17 19 3 5 12 18 22 31 31 38 48 19 16 13 20 40 36 31 13 17 16 43 18 47 18 34 16 38 10 47 14 47 18 21 38 14 12 30 6 42 40 8 21 17 24 46 24 21 11 2 42 29 43 0 13 23 5 26
19 31 0 5 27 43 30 9 41 47 2 29 15 1 17 11 7 3 38 17 1 42 7 46 44 39 4 47 6 45 47 4 3 18 10 27 16 44 1 29 21 42 5 2 6 1 1 42 14 4 23 21 6 15 21 24 42 29 4 25 19 49 37 33 13 0 7 38 29 8 46 22 24 20 35
41 38 43 18 7 28 1 41 2 42 38 9 38 23 37 28 44 39 44 44 35 16 49 25 11 11 3 6 29 40 2 4 41 11 29 37 10 49 9 13 44 35 20 46 6 21 32 42 47 7 37 28 13 19 30 34 44 4 46 0 24 30 28 14 2 38 37 37 13 37 28 24 8 6 9
26 10 14 8 7 45 5 47 42 3 9 8 14 8 25 17 43 9 35 38 7 17 26 13 34 14 19 6 3 39 11 49 17 34 33 45 9 11 26 44 12 39 31 46 20 25 40 16 39 42 20 48 28 18 41 40 10 48 21 43 24 1 35 5 41 44 45 24 23 40 36 26 19 8 31
20 16 42 28 26 23 48 2 38 9 2 5 33 0 21 15 27 29 14 42 1 4 4 12 27 32 17 48 31 33 9 29 5 16 41 21 35 15 48 9 47 35 34 46 2 10 49 47 15 29 13 34 3 42 8 38 42 42 45 34 35 42 47 9 1 41 20 5 24 34 18 5 2 0 44
6 38 38 11 21 2 12 29 9 8 5 43 4 23 36 3 44 3 29 10 1 25 45 37 49 1 16 9 29 33 40 27 26 28 48 43 25 25 15 8 17 1 23 32 21 41 45 1 24 35 45 1 44 2 1 9 40 20 28 1 1 18 33 37 45 17 0 14 9 44 17 18 28 44 49
9 20 37 48 17 9 44 15 38 14 33 4 16 37 4 42 15 7 17 37 7 14 25 19 7 1 7 28 16 1 47 47 27 9 13 5 26 21 17 25 39 29 19 39 47 13 46 42 14 15 40 45 38 16 45 24 46 16 22 48 12 7 25 38 0 44 7 34 4 38 25 44 38 25 43
46 37 24 16 35 39 29 1 23 8 0 23 37 47 47 24 23 16 3 42 25 45 26 31 39 36 24 13 3 9 4 19 43 37 19 49 15 22 19 33 31 20 21 23 46 2 0 0 10 46 41 46 47 11 21 29 39 21 14 43 20 43 10 11 14 18 25 11 37 27 40 46 46 38 47
26 6 47 34 21 20 42 17 37 25 21 36 4 47 34 21 11 34 29 40 36 17 47 28 38 25 11 9 26 23 10 40 45 8 41 25 27 17 19 17 47 37 47 1 18 18 37 15 4 45 1 17 4 35 8 5 15 2 0 37 7 5 39 25 36 6 24 16 11 48 25 28 43 7 0
28 0 21 24 9 8 18 11 28 17 15 3 42 24 21 28 13 4 27 47 13 29 19 19 5 12 22 21 6 4 49 26 41 17 12 12 4 28 1 49 29 35 6 36 16 20 21 16 20 3 8 34 0 9 45 48 45 20 37 46 22 40 8 16 7 15 1 31 22 49 4 3 33 9 45
24 12 13 18 14 14 20 7 44 43 27 44 15 23 11 13 29 26 3 27 44 6 14 40 9 8 27 2 41 24 6 26 13 48 44 6 38 27 27 47 1 46 4 25 43 7 22 8 41 3 39 43 11 9 49 48 26 45 9 43 44 37 17 19 48 39 35 12 24 19 10 23 13 6 20
30 26 15 48 17 10 17 3 39 9 29 3 7 16 34 4 26 36 33 4 27 28 18 40 24 12 2 9 37 6 44 9 45 44 43 47 21 44 36 16 37 34 9 8 33 40 27 41 40 6 44 13 38 30 0 25 41 24 33 25 15 19 25 23 9 0 30 0 37 35 33 9 45 29 28
6 36 35 38 36 30 19 38 44 35 14 29 17 3 29 27 3 33 27 22 32 10 32 25 12 24 8 46 11 33 8 31 48 28 16 9 39 8 35 49 0 27 24 47 42 21 5 20 11 2 9 17 6 22 27 4 40 43 40 23 32 34 7 48 44 37 34 34 40 36 22 5 33 5 38
23 12 35 45 2 20 3 17 44 38 42 10 37 42 40 47 27 4 22 37 43 5 27 47 40 19 8 36 17 24 8 30 17 25 37 10 49 27 9 7 23 49 47 27 5 37 45 43 29 37 49 31 20 42 48 46 44 20 40 42 33 21 29 9 49 36 28 0 40 10 33 26 10 36 36
8 33 35 48 35 25 5 1 35 7 1 1 7 25 36 13 44 27 32 43 19 36 36 29 33 3 25 28 43 10 8 17 22 30 14 8 23 28 41 30 13 14 32 0 29 46 35 25 3 24 17 21 6 20 25 38 48 45 7 4 13 36 39 42 4 7 34 16 34 49 46 33 23 29 30
32 22 33 38 9 5 12 42 16 17 4 25 14 45 17 29 6 28 10 5 36 36 38 28 14 10 38 0 3 29 44 7 31 37 36 26 44 39 13 16 8 42 10 35 15 19 45 0 44 35 49 34 16 41 29 0 16 15 26 7 1 24 41 41 16 45 21 4 46 18 18 1 13 39 33
3 21 48 29 37 22 18 7 49 26 4 45 25 26 47 19 14 18 32 27 36 38 20 42 45 7 33 10 20 47 37 35 25 30 4 16 38 43 6 22 20 30 26 26 25 26 35 49 26 3 25 45 0 19 7 14 43 33 29 29 3 30 20 41 16 11 23 36 33 4 35 32 46 19 35
25 0 31 46 6 18 22 46 25 13 12 37 19 31 28 19 40 40 25 47 29 28 42 10 15 28 24 13 27 28 18 9 28 18 47 31 43 39 24 37 18 27 27 47 45 6 40 39 27 7 23 1 3 4 26 9 28 24 17 1 39 1 33 39 16 4 17 3 13 24 48 20 30 47 41
8 28 41 10 38 28 31 44 11 34 27 49 7 39 38 5 9 24 12 40 33 14 45 15 4 14 21 43 28 24 2 28 13 12 0 30 43 35 10 9 16 4 16 42 24 0 3 2 2 27 40 5 5 46 31 36 0 24 10 23 36 0 49 26 3 6 5 5 33 15 20 47 0 22 26
29 37 49 40 49 42 31 39 11 14 32 1 1 36 25 12 8 12 24 19 3 10 7 28 14 8 4 2 14 3 5 47 7 1 49 37 22 30 43 46 13 4 34 22 36 8 28 6 2 2 10 47 47 15 14 47 44 40 43 23 38 24 10 42 40 38 3 30 7 49 5 27 43 3 46
41 27 3 16 0 13 38 4 3 19 17 16 7 24 11 22 27 2 8 8 25 38 33 24 21 4 31 37 14 18 29 48 26 27 37 38 28 41 37 12 8 6 22 31 0 21 27 3 23 48 26 38 39 33 19 28 2 27 33 24 27 45 12 11 2 40 25 42 12 30 35 42 7 7 18
42 4 36 19 44 17 48 47 6 6 48 9 28 13 9 21 2 9 46 36 28 0 10 13 43 2 37 7 16 21 37 7 17 10 11 48 46 9 5 24 6 41 28 1 13 47 9 30 45 7 13 31 16 0 8 15 22 3 1 25 34 47 47 7 32 6 21 20 9 13 47 12 3 29 24
36 1 30 37 42 0 19 6 29 3 31 29 16 3 26 6 41 37 11 17 43 3 20 27 28 14 14 16 35 6 36 3 4 3 44 6 43 43 40 22 27 41 28 29 12 37 43 13 28 10 31 28 25 47 39 2 24 19 38 5 45 4 2 27 6 16 6 48 46 16 13 31 46 20 24
44 25 7 37 20 34 16 45 40 39 33 33 1 9 23 4 24 6 33 24 10 29 47 28 24 3 18 21 6 20 42 7 43 16 5 48 6 17 15 14 37 3 49 3 6 3 3 20 18 45 21 38 30 15 29 36 44 12 19 22 38 0 32 32 21 34 19 45 29 40 40 45 0 8 14
41 22 45 17 44 22 13 47 2 11 9 40 47 4 10 49 6 44 8 8 8 44 37 18 2 5 29 37 36 42 29 8 47 27 40 6 13 16 14 45 35 39 14 3 49 46 43 11 47 48 33 48 27 13 23 7 19 44 29 49 47 36 24 30 28 16 22 15 12 45 39 27 31 18 28
40 6 30 22 11 35 20 4 4 49 29 27 47 19 40 26 26 9 31 30 17 7 35 9 28 47 48 7 3 7 8 37 30 6 46 1 13 0 21 33 40 44 37 34 49 40 11 11 1 5 45 4 11 9 13 17 30 10 6 16 25 20 5 22 22 32 23 37 48 11 30 3 8 22 41
26 48 43 21 14 13 40 3 41 17 5 26 27 43 45 41 13 45 48 17 22 31 25 28 13 7 26 17 4 43 47 30 28 0 16 47 17 26 0 4 26 36 25 36 3 41 22 5 4 40 1 37 40 49 40 31 13 9 5 31 16 4 19 29 27 28 21 41 35 34 11 20 3 22 19
35 38 11 39 11 48 36 18 11 34 16 28 9 37 8 17 48 44 28 25 30 37 30 18 12 1 27 10 3 16 27 6 0 7 16 1 40 7 35 5 30 27 5 42 32 28 42 48 36 22 32 7 0 42 1 43 7 28 4 48 48 5 0 32 49 36 12 28 34 17 8 10 11 21 2
37 0 10 49 44 4 31 10 29 33 41 48 13 19 41 12 44 43 16 37 14 36 4 47 0 49 37 11 44 5 40 46 16 16 10 21 30 18 33 12 12 13 2 46 49 36 42 16 17 43 43 3 33 10 25 41 19 46 2 0 9 14 17 2 4 32 22 27 1 6 26 9 23 46 42
18 6 2 26 46 25 13 27 37 45 21 43 5 49 25 12 6 47 9 10 8 26 16 31 30 37 38 48 6 48 6 1 47 1 21 46 4 11 14 41 45 44 35 20 35 39 4 13 24 1 6 21 25 49 24 15 35 31 40 3 25 22 23 22 4 49 10 45 17 24 40 5 20 39 49
14 19 26 43 16 35 17 16 10 9 35 25 26 15 27 4 38 21 39 49 23 44 38 43 43 22 28 46 43 6 13 13 17 40 30 4 18 12 6 12 16 0 11 41 13 1 29 8 25 6 34 21 14 39 30 28 29 23 40 33 0 15 46 47 31 48 14 33 43 29 31 13 1 34 29
49 24 8 15 32 44 16 44 49 11 15 25 21 22 17 28 27 44 8 27 28 39 43 39 35 30 41 9 43 17 16 0 26 7 18 11 12 13 24 0 23 10 13 5 11 45 44 27 43 28 30 26 48 34 41 42 20 13 16 31 15 19 20 40 2 8 44 11 48 29 26 40 6 34 1
42 26 18 22 6 10 43 1 9 26 48 15 17 19 19 1 27 36 35 9 41 13 6 24 10 43 37 5 40 15 14 21 0 35 33 14 6 24 3 5 42 29 35 24 17 5 2 6 12 5 46 2 34 39 16 31 8 5 7 6 16 12 36 47 25 21 41 27 9 2 37 17 46 16 21
29 42 27 32 43 41 18 29 13 44 9 8 25 33 17 49 47 16 49 7 30 16 22 37 9 46 12 24 22 14 45 33 4 5 12 41 12 0 5 22 8 14 31 19 4 27 30 44 34 40 26 28 40 48 11 22 10 45 40 0 42 39 36 24 30 24 5 34 16 11 19 45 4 13 17
39 12 20 11 12 27 47 21 44 12 47 17 39 31 47 29 1 37 0 23 13 8 20 18 16 13 8 6 27 37 35 40 26 30 12 45 16 23 42 8 16 0 30 37 23 31 5 42 21 10 38 47 43 44 39 23 41 40 24 8 36 32 12 14 11 16 39 24 3 46 31 25 42 28 25
32 34 42 28 37 36 18 42 35 39 35 1 29 20 37 35 46 34 27 49 14 42 30 27 4 4 6 41 41 3 39 44 36 27 13 44 0 10 29 14 0 0 5 3 47 40 47 4 9 7 36 32 38 44 7 4 34 7 23 24 7 30 44 2 10 21 10 13 41 40 6 3 35 13 14
21 36 49 44 12 48 34 5 20 31 34 23 19 21 47 6 4 9 24 47 32 10 26 27 16 34 22 28 28 49 14 37 25 5 2 35 11 13 35 31 30 5 29 19 10 9 12 40 36 29 17 37 19 42 38 0 46 41 22 6 23 20 36 3 2 10 26 7 22 17 37 0 47 33 22
30 4 15 21 38 10 16 2 46 46 46 32 39 23 1 36 25 8 47 27 0 35 26 47 42 22 31 1 29 3 3 34 36 42 46 20 41 5 24 19 37 3 19 23 38 7 17 41 43 36 48 33 42 1 21 17 11 46 41 11 49 20 15 33 11 32 26 24 47 39 11 14 22 26 15
0 8 3 13 26 3 38 6 6 20 2 21 47 46 18 16 43 33 42 5 29 15 25 45 24 36 0 13 12 6 49 49 3 32 49 35 13 11 17 4 23 47 10 38 38 35 15 15 41 18 12 35 34 8 24 6 8 16 6 4 40 5 37 42 12 8 19 1 20 9 15 14 30 13 18
18 35 21 28 33 25 10 1 21 25 10 41 13 2 18 20 7 40 21 37 46 19 26 6 0 8 21 47 37 3 46 40 41 28 36 39 1 45 5 27 31 40 9 7 35 47 41 0 6 47 47 32 38 0 37 4 21 39 14 37 38 10 24 36 20 37 46 35 24 43 44 23 38 10 11
32 19 39 30 31 47 47 1 32 40 49 45 46 0 37 21 22 27 5 45 35 45 35 40 3 28 27 9 43 3 43 11 22 42 42 4 29 44 2 30 5 47 12 17 15 41 24 39 17 2 39 39 21 11 43 11 4 35 39 7 45 24 45 0 9 6 16 18 33 26 4 6 11 23 24
24 29 17 43 33 48 14 42 42 16 47 1 42 0 15 16 8 41 20 43 25 0 49 39 2 6 3 30 13 20 11 11 5 48 16 13 8 27 6 44 42 4 40 41 15 0 39 37 31 41 48 17 20 26 36 32 47 42 24 25 37 11 20 24 35 26 1 46 20 20 35 15 34 21 5
20 38 4 16 34 47 47 14 47 39 15 24 14 10 4 20 41 40 11 29 3 44 26 27 2 2 23 45 28 18 47 1 4 36 17 24 25 43 12 34 21 9 36 43 41 6 17 31 47 29 48 9 26 30 32 16 7 28 31 42 49 21 7 38 6 42 19 40 21 4 17 5 3 27 43
29 19 34 3 8 26 18 4 7 42 29 35 15 46 45 3 3 6 2 37 24 35 3 7 27 2 48 7 10 45 48 5 40 22 43 1 6 28 5 40 10 7 29 36 18 47 2 41 29 32 25 35 35 43 9 2 21 17 20 5 37 6 46 12 31 27 14 1 36 42 44 0 49 45 6
12 29 36 38 28 49 21 23 37 20 13 45 40 41 1 8 39 44 9 49 17 49 25 23 40 10 26 13 31 21 33 45 1 32 43 6 34 30 46 26 38 36 17 48 12 47 39 48 48 25 0 44 27 42 49 10 22 37 18 37 4 1 23 15 27 45 9 42 44 2 25 39 42 21 41
44 22 22 44 37 34 38 21 28 48 34 1 45 46 17 34 43 13 17 31 21 34 45 1 5 47 38 31 28 38 48 4 37 7 3 21 21 26 2 28 47 32 37 33 35 32 39 17 9 35 44 22 3 19 40 39 6 1 35 4 34 13 20 26 10 25 44 27 12 39 12 7 0 31 43
46 5 16 8 17 28 14 6 13 28 3 44 38 47 4 0 11 38 6 20 6 16 0 3 5 47 39 16 25 30 27 11 40 0 33 25 14 48 34 40 43 38 19 42 34 38 21 20 26 35 27 3 25 21 16 38 19 17 32 42 22 15 5 23 48 20 35 15 26 19 0 17 6 38 47
21 16 14 19 37 26 12 15 19 18 42 2 16 11 35 9 9 30 22 42 20 41 19 4 46 15 33 0 47 15 13 9 49 42 10 49 39 34 39 48 44 44 42 1 8 0 11 26 30 43 42 19 21 47 35 39 43 30 20 12 49 47 7 29 8 20 35 15 2 7 32 32 33 18 12
5 30 41 47 9 7 30 21 30 41 8 1 45 21 8 45 49 0 27 48 25 29 7 26 31 14 19 8 39 29 23 13 40 1 25 24 30 41 16 11 39 7 38 21 24 37 43 36 32 9 49 40 16 35 3 0 6 34 24 16 30 43 36 16 25 13 8 41 22 31 6 29 29 27 12
30 21 17 23 35 33 6 24 34 40 38 9 24 29 5 48 48 25 4 46 38 0 14 9 36 47 28 15 2 36 7 17 31 43 41 15 28 42 31 22 23 4 0 17 6 4 11 32 16 2 10 39 38 39 0 9 32 3 32 5 33 21 47 18 37 34 26 13 46 32 35 31 21 26 45
42 32 1 44 47 34 42 42 44 10 42 40 46 39 15 45 26 41 40 44 48 16 43 28 0 44 2 22 24 44 19 30 13 7 19 35 29 20 8 10 41 34 46 11 8 21 4 47 7 21 22 6 19 43 6 32 37 33 27 13 27 3 9 45 15 4 40 6 19 4 41 15 14 23 37
43 37 30 18 15 45 40 29 4 48 42 20 16 21 2 20 45 24 43 20 45 15 33 24 24 40 27 3 19 12 44 10 9 28 46 31 23 13 5 45 40 7 41 46 16 39 35 42 28 17 37 1 17 30 34 3 33 43 44 11 7 29 5 33 26 48 45 32 18 27 40 11 22 7 18
25 22 27 13 33 14 8 4 46 21 45 28 22 14 0 37 9 33 40 40 7 26 29 17 10 43 33 1 38 19 29 6 5 4 2 40 40 16 7 40 24 23 22 41 6 14 39 24 31 20 18 35 32 20 24 32 27 44 36 22 13 9 25 3 5 14 13 28 34 24 19 43 27 13 9
6 3 40 27 12 39 21 25 0 43 34 1 48 43 37 46 43 25 23 42 4 7 29 1 23 23 24 25 5 22 49 16 31 48 0 3 33 31 6 0 8 24 6 11 4 37 7 25 42 5 37 4 42 12 16 5 13 11 22 42 25 24 33 38 18 24 25 6 31 42 35 31 3 20 8
47 8 3 36 14 36 17 19 24 24 35 1 12 20 7 22 44 15 32 33 13 1 3 39 36 38 27 34 45 38 47 25 16 48 9 25 0 15 16 42 36 7 23 49 40 38 45 37 49 37 4 34 22 49 30 33 27 7 13 25 37 36 20 7 0 1 44 14 3 8 29 18 49 30 40
40 39 33 3 26 47 24 49 30 1 42 18 7 43 5 40 37 19 34 21 36 24 30 1 0 24 45 47 4 0 36 20 4 5 14 22 15 19 12 39 32 30 20 20 5 10 24 11 21 6 1 13 15 47 43 21 3 29 9 24 36 49 0 20 36 39 14 31 0 44 42 43 30 35 8
41 44 22 37 2 27 46 37 28 35 47 33 25 10 39 8 17 25 7 29 39 41 20 33 49 10 12 47 2 32 24 5 19 0 17 23 46 20 36 36 12 44 36 15 37 24 45 20 7 46 23 20 5 7 36 47 9 5 25 33 20 0 33 48 32 43 48 6 27 26 23 38 39 10 0
37 41 38 12 6 47 24 33 14 5 9 37 38 11 25 16 19 23 48 9 42 41 41 39 26 42 11 7 27 32 30 22 29 32 2 22 47 40 47 24 14 2 3 33 42 36 0 24 38 12 15 26 23 29 16 18 45 33 3 38 7 20 48 24 37 13 13 33 48 38 25 22 46 35 32
5 45 41 23 24 13 21 13 2 41 1 45 0 14 36 7 48 9 44 49 4 16 16 16 3 40 2 32 6 21 28 22 27 49 4 4 31 2 25 30 11 10 2 11 12 20 9 35 6 31 27 10 48 8 25 37 15 26 5 18 0 36 32 37 18 36 6 46 46 27 20 7 23 5 12
49 3 5 17 18 45 11 0 38 44 41 17 44 18 6 15 39 0 37 36 7 45 11 4 6 38 40 6 16 34 16 32 28 36 32 49 48 8 21 24 16 21 10 32 8 37 6 26 42 27 45 25 20 20 13 34 4 48 14 24 1 39 43 13 36 33 43 26 22 34 44 35 24 37 20
31 2 42 27 16 23 2 7 37 45 20 0 7 25 24 1 35 30 34 28 34 21 23 17 5 3 25 21 6 19 22 23 21 12 22 10 14 44 41 5 39 10 26 26 19 46 16 1 19 14 9 44 35 35 8 26 40 45 13 25 44 14 48 13 6 43 8 32 3 43 8 19 43 22 15
43 2 15 28 34 37 42 38 37 24 5 14 34 11 16 31 12 0 34 0 16 4 36 3 5 30 42 20 48 45 15 37 41 28 27 45 33 11 27 34 24 13 7 24 1 35 18 46 40 1 42 27 15 15 41 13 6 32 28 6 14 31 6 33 46 26 32 46 32 12 38 5 13 33 23
27 38 45 23 12 9 29 29 13 23 24 9 4 37 11 22 24 37 40 40 34 46 33 13 33 7 12 9 46 29 12 48 35 34 1 17 43 48 9 16 3 41 22 47 20 24 33 20 21 36 44 12 26 2 22 46 19 18 34 31 3 0 27 48 46 22 3 32 11 47 22 49 32 18 44
14 10 4 9 45 26 43 8 37 40 34 44 38 27 48 49 19 35 36 10 49 18 4 24 15 49 30 13 16 40 45 11 34 17 6 24 29 29 2 11 46 40 17 39 9 43 26 20 4 42 2 39 19 7 31 32 4 27 24 42 8 44 26 38 27 34 43 12 47 8 39 0 32 0 17
17 12 16 11 15 28 0 46 28 36 18 17 25 40 25 4 10 33 22 33 46 18 35 48 20 5 35 47 13 40 39 30 11 8 26 40 31 26 37 19 31 6 37 11 15 44 4 35 17 44 25 12 0 32 6 35 41 40 19 35 29 42 23 25 20 44 8 38 22 39 15 43 49 31 23
26 12 28 0 5 38 13 22 24 26 5 18 44 46 28 3 23 9 5 26 33 1 32 20 47 27 42 12 31 45 27 3 20 10 9 5 13 40 17 45 25 3 0 14 14 23 6 15 5 0 39 7 17 32 29 31 15 11 43 31 18 43 38 22 7 35 19 5 49 0 43 1 25 44 9
6 36 43 49 32 11 23 24 8 19 2 28 38 46 43 33 13 45 33 10 23 13 46 30 0 43 7 3 46 0 31 8 3 11 23 20 1 6 46 4 42 35 47 22 30 38 11 34 3 49 42 0 6 33 29 21 14 22 27 3 49 30 39 46 23 24 43 13 32 32 49 25 9 30 45
17 23 35 35 34 20 5 20 6 8 0 44 25 38 7 9 6 29 5 36 29 39 19 47 22 3 7 29 20 8 18 22 22 21 46 39 34 34 16 13 28 13 33 26 13 10 23 21 27 45 21 31 38 18 27 26 23 7 13 20 30 35 10 35 5 37 22 33 18 0 31 44 30 45 34
21 18 16 35 12 8 26 35 9 31 44 49 43 47 0 45 20 28 38 36 30 33 35 41 26 46 18 24 24 14 28 41 19 2 42 49 29 1 21 17 25 14 22 15 18 11 24 5 43 6 41 43 47 12 12 45 37 18 9 8 40 8 0 32 12 20 15 23 44 17 23 9 45 34 32
